fp
1670.9
